Kavi
1|0|2|2|7|u|0|_|a|2|2|7
1|0|1|6|4|u|0|_|a|1|6|4
1|0|2|0|3|u|0|_|a|2|0|3
10227U0A22710227SM27GE2953440DF8BDIRTY1SMPY-
1|0|3|1|9|u|0|_|a|3|1|9
1|0|1|8|5|u|0|_|a|1|8|5
1|0|2|5|7|u|0|_|a|2|5|7
1|0|2|0|2|u|0|_|a|2|0|2
1|0|2|7|5|u|0|_|a|2|7|5
1|0|1|8|6|u|0|_|a|1|8|6
1|0|2|0|0|u|0|_|a|2|0|0
1|0|3|3|6|u|0|_|a|3|3|6
1|0|1|4|0|u|0|_|a|1|4|0
1|0|2|7|9|u|0|_|a|2|7|9
VKC=1≠0≠2≠7≠9≠u≠0≠_≠a≠2≠7≠9
1|0|3|7|8|u|0|_|a|3|7|8
1|0|2|2|4|u|0|_|a|2|2|4
1|0|2|8|6|u|0|_|a|2|8|6
=[10224]=
1|0|0|0|1|u|0|_|a|1
cebcd37926c547d4bb6d9db2e2086c578
1|0|2|5|1|u|0|_|a|2|5
1|0|1|8|4|u|0|_|a|1|8|4
1-0-1-3-7-u-0-_-a-1-3-7
1|0|2|5|5|u|0|_|a|2|5|5
1|0|2|4|0|u|0|_|a|2|4|0
1-0-2-4-0-u-0-_-a-2-4-0
1|0|1|9|9|u|0|_|a|1|9|9
1|0|2|7|4|u|0|_|a|2|7|4
1|0|2|5|4|u|0|_|a|2|5|4
